230000
228722,22222222222
227444,44444444444
226166,66666666666
224888,88888888888
223611,11111111112
222333,33333333334
221055,55555555556
219777,77777777778
218500
217222,22222222222
215944,44444444444
214666,66666666666
213388,88888888888
212111,11111111112
210833,33333333334
209555,55555555556
208277,77777777778
207000
205722,22222222222
204444,44444444444
203166,66666666666
201888,88888888888
200611,11111111112
199333,33333333334
198055,55555555556
196777,77777777778
195500
194222,22222222222
192944,44444444444
191666,66666666666
190388,88888888888
189111,11111111112
187833,3333333333
186555,55555555556
185277,77777777778
184000
182722,22222222222
181444,44444444444
180166,66666666666
178888,88888888888
177611,11111111112
176333,3333333333
175055,55555555556
173777,77777777778
172500
171222,22222222222
169944,44444444444
168666,66666666666
167388,88888888888
166111,11111111112
164833,3333333333
163555,55555555556
162277,77777777778
161000
159722,22222222222
158444,44444444444
157166,66666666666
155888,88888888888
154611,11111111112
153333,3333333333
152055,55555555556
150777,77777777778
149500
148222,22222222222
146944,44444444444
145666,66666666666
144388,88888888888
143111,11111111112
141833,3333333333
140555,55555555556
139277,77777777778
138000
136722,22222222222
135444,44444444444
134166,66666666666
132888,88888888888
131611,11111111112
130333,33333333333
129055,55555555555
127777,77777777778
126500
125222,22222222222
123944,44444444444
122666,66666666666
121388,88888888889
120111,11111111111
118833,33333333333
117555,55555555555
116277,77777777777
115000
113722,22222222222
112444,44444444444
111166,66666666666
109888,88888888889
108611,11111111111
107333,33333333333
106055,55555555555
104777,77777777777
103500
102222,22222222222
100944,44444444444
99666,66666666666
98388,88888888888
97111,1111111111
95833,33333333331
94555,55555555556
93277,77777777778
92000
90722,22222222222
89444,44444444444
88166,66666666666
86888,88888888888
85611,1111111111
84333,33333333331
83055,55555555556
81777,77777777778
80500
79222,22222222222
77944,44444444444
76666,66666666666
75388,88888888888
74111,1111111111
72833,33333333331
71555,55555555556
70277,77777777778
69000
67722,22222222222
66444,44444444444
65166,66666666666
63888,888888888876
62611,111111111095
61333,333333333314
60055,55555555556
58777,77777777778
57500
56222,22222222222
54944,44444444444
53666,66666666666
52388,888888888876
51111,111111111095
49833,333333333314
48555,55555555556
47277,77777777778
46000
44722,22222222222
43444,44444444444
42166,66666666666
40888,888888888876
39611,111111111095
38333,333333333314
37055,55555555556
35777,77777777778
34500
33222,22222222222
31944,444444444438
30666,666666666657
29388,888888888876
28111,111111111095
26833,333333333314
25555,555555555562
24277,77777777778
23000
21722,22222222222
20444,444444444438
19166,666666666657
17888,888888888876
16611,111111111095
15333,333333333314
14055,555555555533
12777,777777777781
11500
10222,222222222219
8944,444444444438
7666,666666666657
6388,888888888876
5111,111111111095
3833,333333333314
2555,555555555533
1277,777777777781
0